16/06/2022;6:34:41:0;A/C;  ;0-0;0-0;0-0;0-1;0-1;0-x;0-2;0-2;0-2;0-3;0-3;0-3;0-4;0-4;0-4;0-5;0-5;0-5;0-6;0-6;0-6;0-7;0-7;0-7;0-8;0-8;0-8;0-9;0-9;0-9;0-10;0-10;0-10;0-11;0-11;0-11
H RTC;m RTC;s RTC;ss RTC;P;T;H;P;T;H;P;T;H;P;T;H;P;T;H;P;T;H;P;T;H;P;T;H;P;T;H;P;T;H;P;T;H;P;T;H
6;35;16;878;100193.36; 19.40;49.51;100113.85; 19.51;49.27;N/A;N/A;N/A;100133.82; 19.74;48.75;100164.97; 19.53;48.46;100167.67; 19.56;40.16;100187.74; 19.75;47.30;100179.50; 19.81;47.68;100185.35; 19.85;46.58;100183.06; 19.82;46.52;100145.09; 19.79;46.33;100175.23; 20.18;48.34
6;35;17;869;100191.51; 19.41;49.54;100111.17; 19.51;49.36;N/A;N/A;N/A;100130.08; 19.75;48.39;100161.32; 19.54;48.66;100171.22; 19.57;40.15;100191.27; 19.76;47.31;100181.91; 19.82;47.69;100188.03; 19.85;46.60;100180.24; 19.84;46.52;100144.08; 19.80;46.33;100176.97; 20.19;48.32
6;35;18;857;100192.36; 19.41;49.14;100107.49; 19.52;49.34;N/A;N/A;N/A;100134.48; 19.76;48.49;100162.23; 19.55;48.66;100175.60; 19.58;40.15;100185.89; 19.76;47.27;100172.74; 19.82;47.69;100178.09; 19.86;46.57;100183.72; 19.84;46.52;100144.08; 19.80;46.33;100174.26; 20.19;48.32
6;35;19;841;100190.52; 19.42;49.14;100117.23; 19.53;49.35;N/A;N/A;N/A;100135.32; 19.76;48.45;100161.32; 19.54;48.68;100170.20; 19.58;40.15;100193.96; 19.76;47.25;100178.32; 19.82;47.68;100183.46; 19.86;46.56;100181.06; 19.84;46.54;100143.06; 19.81;46.32;100173.30; 20.20;48.31
6;35;20;832;100191.37; 19.42;49.08;100115.52; 19.52;49.49;N/A;N/A;N/A;100131.78; 19.76;48.44;100167.64; 19.55;48.46;100174.78; 19.57;40.14;100192.24; 19.75;47.22;100175.12; 19.83;47.68;100178.09; 19.86;46.55;100181.89; 19.85;46.51;100145.74; 19.81;46.30;100176.88; 20.20;48.30
6;35;21;819;100186.97; 19.41;49.16;100116.38; 19.53;49.39;N/A;N/A;N/A;100128.23; 19.75;48.63;100160.41; 19.55;48.68;100170.20; 19.58;40.14;100193.11; 19.75;47.19;100170.76; 19.82;47.67;100183.46; 19.86;46.55;100187.21; 19.85;46.51;100151.95; 19.82;46.31;100178.72; 20.20;48.30
6;35;22;807;100190.52; 19.42;49.53;100114.55; 19.53;49.28;N/A;N/A;N/A;100132.63; 19.76;48.63;100159.46; 19.56;48.70;100164.81; 19.58;40.13;100193.96; 19.76;47.16;100170.76; 19.82;47.67;100182.43; 19.87;46.57;100181.06; 19.84;46.50;100145.74; 19.81;46.29;100174.17; 20.20;48.29
6;35;23;792;100192.36; 19.41;49.46;100117.23; 19.53;49.18;N/A;N/A;N/A;100134.48; 19.76;48.52;100156.82; 19.55;48.71;100172.08; 19.57;40.14;100185.89; 19.76;47.13;100173.55; 19.82;47.68;100186.97; 19.86;46.56;100181.06; 19.84;46.51;100140.38; 19.81;46.29;100175.04; 20.21;48.32
6;35;24;783;100186.97; 19.41;49.44;100113.70; 19.53;49.21;N/A;N/A;N/A;100134.48; 19.76;48.60;100162.23; 19.55;48.50;100167.50; 19.58;40.13;100193.11; 19.75;47.12;100177.91; 19.83;47.67;100186.97; 19.86;46.56;100182.72; 19.85;46.51;100144.08; 19.80;46.30;100177.75; 20.21;48.30
6;35;25;769;100192.36; 19.41;49.41;100109.20; 19.53;49.40;N/A;N/A;N/A;100129.93; 19.76;48.59;100160.41; 19.55;48.71;100171.06; 19.58;40.14;100194.80; 19.76;47.14;100172.34; 19.83;47.68;100188.62; 19.87;46.56;100181.06; 19.84;46.51;100141.39; 19.80;46.30;100178.72; 20.20;48.30
6;35;26;759;100191.37; 19.42;49.31;100113.70; 19.53;49.14;N/A;N/A;N/A;100123.68; 19.76;48.59;100158.58; 19.56;48.66;100174.61; 19.59;40.13;100193.11; 19.75;47.12;100178.71; 19.84;47.67;100189.65; 19.86;46.57;100190.70; 19.85;46.52;100145.74; 19.81;46.31;100176.88; 20.20;48.30
6;35;27;750;100187.82; 19.42;49.49;100114.55; 19.53;49.23;N/A;N/A;N/A;100132.63; 19.76;48.45;100160.41; 19.55;48.69;100162.96; 19.58;40.12;100194.80; 19.76;47.13;100179.89; 19.83;47.68;100178.92; 19.86;46.58;100189.87; 19.85;46.50;100143.06; 19.81;46.30;100174.17; 20.20;48.29
6;35;28;740;100190.52; 19.42;49.26;100111.88; 19.53;49.28;N/A;N/A;N/A;100136.17; 19.77;48.66;100160.41; 19.55;48.67;100171.22; 19.57;40.13;100193.96; 19.76;47.14;100172.34; 19.83;47.68;100187.80; 19.87;46.57;100185.38; 19.85;46.51;100142.05; 19.82;46.30;100173.30; 20.20;48.29
6;35;29;733;100199.46; 19.42;49.42;100114.55; 19.53;49.19;N/A;N/A;N/A;100129.93; 19.76;48.55;100163.11; 19.55;48.50;100164.81; 19.58;40.12;100189.42; 19.76;47.14;100169.55; 19.83;47.69;100191.30; 19.87;46.57;100181.89; 19.85;46.52;100144.73; 19.82;46.31;100169.62; 20.21;48.29
6;35;30;722;100197.61; 19.43;49.24;100117.23; 19.53;49.11;N/A;N/A;N/A;100130.78; 19.77;48.59;100159.46; 19.56;48.71;100171.22; 19.57;40.13;100191.27; 19.76;47.15;100174.32; 19.83;47.68;100185.11; 19.87;46.57;100182.72; 19.85;46.51;100139.36; 19.82;46.29;100177.75; 20.21;48.31
